OPT:124,309,347,401,402,420,440,
ML:109,113,117,135,216,246,311,315,349,
MC:1056,1085,2017,2034,2035,2038,2054,2065,2066,3003,3008,4020,4021,4040,4041,4042,4044,4045,4058,4059,4060,4061,4062,4063,4064,5158,6496,
M3:1006,2101,3103,3127,4206,
HH:119,123,124,138,139,150,159,180,227,259,280,334,336,344,345,373,
ESC:104,149,319,342,
AL:6,105,113,116,124,208,209,210,211,
B1:169,266,271,273,370,374,378,
B2:149,150,151,350,351,355,
BMH:1005,1016,1048,1403,1621,1633,1703,2402,2420,2703,3023,
C2:160,168,273,278,
CPH:1333,1346,3602,3604,3607,3623,3679,3681,4333,4335,
DC:1350,1351,2568,3313,3701,
DWE:1501,1502,1513,1515,1518,2402,2527,2529,3509,3516,3517,3518,3519,3522,